9681447325105042497115145103510115135142510122718509453492545757575851259512510511497511465505505858515756565105085075085085085105358594895458595756575650150852544949456595115105257510511595104765109670467506493545657510585851053151150850450750751058575754550461484535950951051050950850956510595954515305351350647749350950151050754575951151058585556507507507506510511565155165555544476485499511507506512507525751254510502514575850951150151050655585758511
511
507
6
506
518
5
496
7
2
66
492
508
5
6
5
5
5
5
5
7
5
5
5
508
50
50
47
48
5
5
9
5
5
5
5
5
5
5
510
508
508
50
51
5
5
5
5
5
5
10
5
6
9
9
0
4
1
4
631
457
525
73
48
5
8
6
5
5
35
6
5
5
4
5
967
678
4
63
34
5
53
8
0
4
5
5
81
6
5
7
5
5
6
822
380
54
1
61
2
43
53
50
4
2
92
2
5
3
3
5
9
9
973
0
968
0
0
0
326
42
41
42
4
4
31
4
48
4
4
35
4
4
4
48
4
464
455
455
46
45
9
47
6
4
4
5
3
7
94
9
8
6
3
1
2
1
0
3
3
117
278
472
63
79
8
93
9
9
65
9
9
67
9
9
9
8
7
12
4
251
50
0
2
47
27
55
77
9
9
9
65
9
9
5
94
2
0
4
9
9
965
972
96
96
96
9
9
5
4
4
491
4
4
4
55
6
272
96
96
53
52
4
5
16
5
39
9
5
5
5
5
23
5
5
539
52
51
51
7
52
4
8
6
29
4
9
9
9
3
5
14
363
601
469
37
62
60
5
4
4
79
4
9
0
0
9
0
0
1
0
0
1
3
4
28
4
4
4
32
4
35
437
43
44
0
43
9
4
42
4
4
4
4
4
4
4
4
470
468
468
47
47
4
4
4
75
4
4
4
4
4
4
487
486
492
48
5
49
2
49
2
4
93
49
5
5
5
13
5
5
5
5
4
5
507
50
7
50
9
51
5
5
5
15
5
16
5
82
0
9
75
9
6
14
7
0
1
4
1
49
7
48
54
69
85
3
5
5
4
4
5
12
5
40
5
5
5
579
525
511
51
49
4
42
4
71
4
96
4
5
36
9
65
4
56
4
5
480
479
0
505
505
50
6
4
95
5
27
5
5
5
3
4
4
59
4
4
75
516
501
55
49
51
3
96
9
0
2
0
4
95
4
13
4
4
82
4
4
5
18
5
8
563
561
523
55
4
54
1
48
55
5
4
6
6
3
5
5
6
4
6
6
606
61
62
63
51
9
6
6
6
6
6
5
5
69
5
6
752
600
580
75
4
66
7
9
9
3
7
6
6
9
60
6
19
2
7
3
43
667
967
966
96
96
9
66
9
7
8
8
6
25
5
6
9
976
973
975
969
55
0
86
63
3
3
19
4
5
4
91
4
5
0
4
5
8
492
504
503
50
51
46
1
4
62
5
6
5
5
6
57
2
6
5
4
466
54
45
57
9
35
1
4
5
5
5
77
4
5
11
5
5
5
516
505
497
510
48
7
5
5
5
5
34
5
5
16
5
5
5
18
4
502
519
52
2
50
9
49
5
15
4
4
81
4
5
512
5
5
28
4
491
502
490
50
50
52
49
5
4
74
4
4
4
5
0
0
5
5
6
4
507
510
518
50
5
50
7
51
486
7
0
9
9
68
9
0
2
34
2
9
9
722
966
96
96
6
85
8
8
7
74
7
7
65
7
7
8
2
7
7
754
746
73
7
71
7
31
7
7
39
7
7
7
7
7
7
725
661
836
77
64
82
7
7
8
61
7
7
7
7
7
748
76
83
8
75
69
1
7
7
62
7
8
7
71
7
7
7
75
8
768
748
70
77
7
7
96
7
7
7
7
779
7
56
8
60
761
684
84
8
79
0
80
7
6
8
8
7
97
7
6
8
8
805
792
67
88
3
9
0
9
9
3
5
3
4
4
90
4
503
505
498
51
0
50
5
10
4
5
0
0
508
5
5
5
5
497
478
50
47
0
0
0
0
0
0
0
96
7
75
59
56
5
4
4
6
3
1
4
6
1
4
348
466
28
42
25
3
5
3
3
55
2
4
2
1
2
15
334
469
291
46
2
21
1
2
20
1
2
2
87
2
3
2
2
36
3
145
298
514
19
4
56
4
29
4
4
1
3
15
1
19
2
26
2
184
3
2
96
360
355
31
4
24
2
28
5
19
3
2
3
2
3
85
2
3
67
3
1
377
185
244
17
23
2
2
26
2
3
3
20
3
19
3
2
3
22
311
317
289
29
31
29
2
69
3
2
75
2
3
2
3
9
66
967
979
978
97
8
97
97
9
0
9
9
79
9
978
4
4
4
4
4
4
473
470
470
47
2
47
46
4
4
64
4
461
505
506
493
8
44
52
5
3
0
0
0
0
0
0
6
6
7
705
534
55
76
81
7
66
4
6
8
7
541
7
8
9
724
466
60
96
7
9
66
6
6
33
9
67
9
8
98
5
6
68
967
967
81
9
85
96
7
3
9
67
9
9
67
9
67
9
9
9
9
979
979
97
9
9
9
9
79
9
79
9
9
79
9
79
9
978
940
5
51
51
5
5
34
5
5
5
517
514
51
3
524
5
5
5
5
4
4
5
5
503
562
543
52
53
5
5
5
5
9
5
4
5
5
0
5
5
24
506
524
49
9
52
5
4
5
7
5
5
5
13
5
5
508
518
55
51
49
5
1
5
5
5
5
10
4
5
5
5
515
521
50
5
5
20
5
35
5
4
4
99
5
5
489
501
509
52
51
2
5
5
25
5
5
5
5
1
5
20
5
4
512
515
51
504
5
5
19
5
45
4
89
5
5
25
5
4
86
501
491
54
51
50
5
12
5
5
5
495
0
0
0
0
1
0
712
5
9
5
5
4
541
567
472
56
2
5
95
1
7
6
46
3
6
7
48
335
430
718
65
42
8
46
7
48
6
81
5
6
6
24
6
5
5
6
805
291
820
83
90
5
7
77
4
22
7
5
7
7
6
688
619
582
81
32
8
5
8
10
512
7
9
6
42
6
93
4
36
977
97
97
9
97
9
9
9
79
9
79
9
9
9
9
979
979
97
97
8
59
5
5
5
5
24
4
37
5
13
5
4
491
5
4
53
53
50
1
5
14
5
7
5
5
5
20
510
5
5
486
519
51
51
48
5
4
86
514
5
59
5
5
4
5
5
30
459
54
53
48
4
5
5
5
5
521
5
5
5
503
487
51
7
51
517
512
5
84
5
4
5
4
79
0
0
0
0
0
0
0
1
4
5
5
5
619
540
653
59
70
6
6
88
5
6
26
5
67
5
91
6
5
671
61
7
63
70
5
6
7
26
6
37
7
9
9
9
67
1
0
423
728
587
66
42
8
8
4
3
25
4
4
5
6
887
947
966
966
96
93
3
7
8
7
6
20
9
6
9
78
9
978
97
978
1
123
0
0
0
0
696
66
65
64
5
62
6
6
68
304
3
5
9
9
979
979
97
8
98
9
9
9
79
9
9
9
9
9
979
978
53
53
51
7
52
5
5
5
5
25
5
5
5
530
503
5
51
5
5
5
5
10
5
5
5
4
5
498
501
50
49
5
5
5
4
5
5
5
5
534
517
619
514
506
498
1
0
2
0
0
0
7
6
6
90
4
412
692
77
0
59
5
8
8
78
5
3
5
8
6
7
5
427
620
63
4
27
3
80
9
5
58
5
6
5
15
6
5
7
4
756
595
423
72
3
41
0
4
5
5
4
12
6
69